11
274
111
18
14
17
27
16
628
30
22
14
49
10
57
21
16
56
29
42
20
138
54
13
94
414
19
28
51
22
135
34
22
10
41
79
29
14
539
36
24
28
21
56
122
74
23
25
203
21
33
65
40
201
24
109
35
737
10
49
11
23
14
14
28
16
13
16
594
13
32
110
13
203
35
31
13
1197
21
10
36
10
48
14
11
59
11
70
14
11
162
12
52
36
14
105
189
14
97
14
41
216
31
24
244
14
81
25
162
1546
13
149
103
34
27
29
19
136
28
52
94
19
57
68
22
46
10
79
882
11
119
40
19
17
45
55
11
17
222
61
11
49
40
16
28
35
13
29
27
138
17
12
22
13
17
10
22
14
65
423
138
152
24
32
29
51
32
24
30
18
52
49
146
11
24
24
10
41
29
93
52
20
10
49
29
28
42
21
340
19
70
31
16
51
12
88
254
13
224
15
13
78
15
13
258
34
1131
153
155
81
13
13
22
34
11
49
27
76
19
29
13
147
25
10
73
12
15
10
32
10
152
599
30
14
29
354
44
22
38
16
35
50
22
35
14
31
65
12
12
69
82
21
44
19
13
38
27
57
35
24
11
206
16
191
376
21
61
35
16
13
25
46
74
18
23
16
599
11
15
252
127
48
48
14
21
20
10
20
32
25
13
43
11
15
41
16
15
40
18
32
19
11
756
13
11
324
51
16
34
1944
71
13
23
40
23
21
15
17
26
44
15
166
26
465
36
126
22
44
29
21
80
40
16
168
14
10
36
35
201
11
62
27
61
73
19
19
11
308
21
11
59
13
24
13
146
53
53
65
17
507
10
14
30
40
27
16
61
17
60
29
24
29
10
15
22
114
48
19
11
43
38
13
20
28
29
13
202
12
12
10
108
17
16
22
32
60
19
128
89
16
22
14
13
44
22
43
10
15
151
67
433
122
19
14
27
76
11
10
24
10
79
371
18
28
32
11
54
106
52
11
49
54
14
18
407
20
565
130
18
21
59
32
52
49
41
11
225
17
19
49
14
11
93
11
41
10
11
73
158
11
155
19
36
27
30
22
369
94
11
68
35
11
13
47
23
95
284
39
48
15
32
30
73
87
27
10
11
11
14
464
30
22
110
192
52
21
13
78
78
550
76
100
45
26
82
55
14
105
131
29
10
564
48
19
17
268
60
84
41
231
33
65
27
17
14
13
48
13
87
10
29
348
57
20
22
43
108
32
23
22
11
11
132
1750
19
99
48
17
13
32
21
21
128
441
16
92
13
14
1355
23
29
89
11
254
54
11
38
17
18
132
14
218
16
493
23
11
29
43
125
15
13
13
334
12
30
31
11
24
39
184
14
15
23
3327
57
15
21
400
14
117
19
115
15
29
13
26
71
15
179
17
10
28
32
20
78
25
44
108
40
76
49
72
13
48
119
13
18
114
43
98
15
19
80
13
64
87
29
29
32
13
35
29
24
16
14
11
16
31
21
16
76
33
195
13
13
61
19
193
24
16
71
115
11
19
10
18
227
46
30
19
10
23
20
13
37
58
48
17
546
16
11
83
86
11
311
17
19
22
14
181
56
19
476
144
112
186
11
11
15
36
117
22
19
187
600
62
13
52
143
51
42
27
27
23
39
36
22
19
10
14
353
32
162
151
14
18
47
89
16
135
29
19
19
67
82
76
14
48
18
17
34
17
466
61
12
20
27
17
16
11
71
27
32
17
11
36
55
59
175
228
35
231
47
55
21
48
38
51
11
52
168
53
80
26
91
25
11
38
13
198
21
178
90
11
43
68
50
158
36
14
18
38
22
89
14
169
15
13
16
133
18
33
52
59
29
26
59
559
10
13
362
11
10
11
14
37
22
19
30
34
23
40
11
44
15
35
209
30
84
46
27
30
1991
38
14
71
30
15
178
72
11
32
25
90
90
21
135
57
13
79
13
2538
35
40
13
17
39
198
54
52
32
10
22
55
105
27
11
93
105
34
191
25
50
51
40
285
20
35
55
94
51
25
20
25
41
21
11
13
49
10
13
21
16
37
40
21
42
15
10
74
94
57
30
14
55
14
11
13
13
14
13
13
21
11
56
234
11
39
19
141
174
14
642
165
33
31
31
16
156
10
14
24
16
13
13
139
40
101
19
146
174
10
40
27
16
57
19
113
14
43
10
134
29
136
15
13
17
31
31
176
242
83
38
40
22
54
13
12
10
284
45
288
98
79
74
62
32
26
35
13
32
17
14
53
65
35
17
101
35
67
44
15
10
13
38
41
10
35
59
67
34
14
70
275
17
78
11
13
76
10
52
30
20
16
1715
30
56
59
31
15
11
13
67
11
15
20
103
31
165
163
23
19
21
151
22
31
38
19
10
36
52
792
23
12
13
29
18
13
90
46
18
36
288
22
27
97
32
67
15
15
30
79
45
16
88
13
55
21
49
28
24
10
25
58
10
19
70
35
69
35
106
63
59
13
116
13
82
19
32
12
225
26
45
18
29
11
22
41
14
1220
13
41
31
11
46
11
70
16
54
388
31
92
18
63
15
27
384
64
47
40
13
881
21
100
275
14
19
76
67
32
251
160
187
21
11
27
334
80
25
210
57
12
22
200
166
56
578
48
32
10
168
19
67
11
42
16
13
48
99
15
185
29
17
89
78
29
42
34
149
11
645
67
1233
975
22
44
79
33
29
40
191
32
94
14
13
32
53
109
16
51
12
37
185
220
19
13
195
408
151
90
13
21
74
28
429
13
23
50
25
374
15
50
30
22
173
25
56
27
21
20
13
206
14
399
39
359
24
40
170
49
38
382
29
28
32
36
108
73
91
14
786
38
65
52
11
19
133
11
10
24
15
298
38
13
13
11
43
19
19
10
296
97
16
27
737
105
191
27
38
309
65
43
39
19
41
13
31
11
12
18
43
35
10
11
51
19
19
14
13
54
16
22
120
34
31
14
17
30
17
37
11
222
59
14
17
11
141
11
16
27
14
19
249
10
20
13
28
453
18
71
1346
87
14
30
22
33
211
57
10
49
21
18
81
27
87
36
86
178
14
22
54
94
171
97
212
19
18
608
11
40
60
21
177
16
35
70
312
15
24
27
27
15
24
12
59
22
29
11
79
36
27
19
55
19
104
48
11
25
11
15
10
19
13
10
43
40
26
40
25
23
147
13
57
97
44
10
109
36
59
19
68
14
18
40
20
11
33
21
27
21
11
21
26
238
28
13
13
11
14
13
149
407
120
18
48
11
47
23
30
11
28
14
11
210
17
35
19
31
48
11
45
22
21
57
33
11
59
22
27
874
41
21
95
12
92
16
15
18
24
39
23
106
16
23
40
136
100
20
41
11
13
13
98
19
38
69
34
97
15
14
19
31
20
21
40
13
10
24
31
10
14
11
11
144
163
31
27
29
22
12
